-4.993602 -3.122605 -4.812153 0.497320 0.183919 0.094342 -0.018623 -11.962203 -8.080345 -9.795480 1.015998 0.785230 -0.021440 -0.002437 3.936083 1.345807 3.559721 -0.411907 -0.519851 -0.000368 0.002732
-4.164793 -3.984826 -4.099481 0.200960 0.147358 -0.212432 -0.027014 -12.383479 -9.820242 -10.424258 1.403689 1.264033 -0.110606 0.643182 4.698121 2.124671 4.301322 -0.543885 -1.095660 0.101547 -0.779154
-2.298081 -3.860573 -1.959931 0.163544 0.172974 -0.222440 -0.133655 -11.833669 -10.448508 -9.893300 1.585799 1.488851 -0.228498 1.157683 4.954391 2.507626 4.490726 -0.522949 -1.434273 0.231443 -1.402207
-2.168149 -1.572147 -1.852432 0.781477 0.113668 -0.050133 -0.032427 -10.258333 -8.942088 -8.442213 2.824280 1.657827 -0.078355 1.471858 4.676550 2.059220 4.128288 -0.954230 -1.725623 0.135039 -1.782634
-1.603262 -0.984613 -1.629570 1.915067 0.521306 0.046923 0.187224 -8.228012 -8.600693 -7.314702 3.252825 1.510809 -0.188791 1.483319 4.225316 1.711582 3.858434 -1.218423 -1.579162 0.230530 -1.796503
-0.419137 -2.434584 -0.622731 0.658660 0.034896 -0.241345 0.111323 -1.853104 -8.854100 -2.730935 2.688682 0.949415 -0.404519 1.367215 2.086387 1.866683 2.129651 -0.711643 -1.112202 0.452711 -1.655737
-4.236962 -1.627875 -3.204375 1.140996 0.588521 0.289239 0.272400 -13.285048 -8.524481 -10.543366 2.067105 1.318779 0.409017 0.733388 5.001517 1.798703 4.393281 -0.950976 -1.308864 -0.335475 -0.888390
-4.430942 -2.929601 -4.082346 1.116611 0.605686 0.293211 0.273657 -12.704503 -7.639342 -10.016429 1.654830 1.197116 0.425211 0.517680 4.628426 1.403762 4.075916 -0.811677 -1.161070 -0.363260 -0.627158
-2.390889 -2.374705 -2.136146 0.364984 0.130580 -0.126627 -0.049452 -12.826853 -9.417717 -10.721532 2.453586 1.784475 0.592979 1.378762 5.452908 2.244018 4.910124 -1.039375 -1.877920 -0.486284 -1.669898
-2.729746 -1.889722 -2.082714 1.693706 0.450579 0.464347 -0.039565 -11.545179 -6.937867 -9.438438 4.115677 1.136652 0.981113 1.438386 5.279540 0.685505 4.736887 -1.984258 -1.300372 -0.866010 -1.742024
-1.162650 -2.288111 -1.217672 0.427417 0.362050 0.230458 0.039207 -6.977658 -9.198198 -6.318381 2.612403 0.824105 0.452521 1.396644 3.758339 1.695148 3.462745 -1.102364 -0.952855 -0.332300 -1.691373
-2.135545 -7.282289 -2.749861 -0.990589 0.321420 -0.017645 0.044197 -7.544956 -14.505702 -7.382193 -1.326399 0.560180 -0.472476 1.467557 3.969039 3.952676 3.910179 0.910137 -0.608461 0.527597 -1.777294
-5.431483 -6.757153 -6.309970 -0.187944 0.489208 -0.000303 0.699950 -12.958992 -12.907051 -11.394903 0.237935 0.911307 0.159610 1.378393 5.547850 3.505836 5.234569 -0.072573 -0.988206 -0.127711 -1.669470
-3.965173 -5.138265 -3.205434 0.027195 0.085961 0.063326 0.154498 -12.506989 -12.734292 -10.832210 -0.033191 0.927975 0.251994 1.549897 5.522595 3.453466 5.165515 0.145139 -1.021884 -0.193713 -1.877041
-4.628234 -1.176007 -4.630292 2.225910 0.546410 0.887089 0.798110 -14.247182 -7.975518 -10.627395 3.311258 0.555423 1.286810 1.359083 6.056195 1.195998 5.171078 -1.734205 -0.707485 -1.201599 -1.645969
-4.708635 -1.177290 -4.471240 2.062141 0.557578 0.884904 0.816707 -14.246654 -7.975949 -10.627335 3.311183 0.555519 1.286808 1.359082 6.056079 1.196152 5.171053 -1.734143 -0.707578 -1.201592 -1.645967
-2.080106 -0.576919 -1.614970 1.221557 0.563530 0.607260 0.505684 -7.811600 -4.313415 -5.454529 4.854899 0.521345 1.503406 0.921313 3.736267 -0.237432 2.859190 -2.510869 -0.651967 -1.365091 -1.115671
-2.903722 -5.179084 -3.001352 -0.088414 0.533777 0.299323 0.508185 -7.499236 -11.641229 -6.339494 0.427565 0.326046 0.426646 1.227933 3.699997 2.685179 3.328889 -0.153764 -0.412684 -0.316104 -1.487009
-4.462233 -5.268576 -4.338595 0.111784 0.577186 -0.051042 1.007228 -9.905310 -11.660412 -7.973778 0.647086 0.461390 0.509488 1.446586 4.640881 2.819569 4.081775 -0.247894 -0.575385 -0.402968 -1.751877
