-0.956653 1.249809 2.058841 -1.373989 -0.350467 0.377288 -0.947857
-0.826169 1.184114 1.997290 -1.264168 -0.371895 0.326474 -0.898338
-1.952254 1.276152 2.711741 -1.589442 -0.370025 0.475079 -1.277159
-1.281641 0.541350 1.809690 -1.587764 -0.708796 1.328881 -1.044473
-0.703450 0.343851 1.536977 -1.313064 -0.302242 1.286578 -0.951236
-1.348705 0.389774 1.781718 -1.485324 -0.673177 1.392375 -1.173041
-1.777285 1.254052 2.284336 -2.032403 -0.356627 1.031411 -1.366561
-1.046702 1.138548 2.123053 -1.788500 -0.582217 0.829597 -0.700861
-1.366298 1.340266 1.942571 -2.082497 -0.199009 1.068946 -1.378067
-1.239456 -0.132018 1.798400 -0.974630 -0.879138 1.389329 -0.980238
-0.728425 -0.223315 1.550423 -0.707501 -0.294500 1.248827 -0.974222
-1.268769 -0.136094 1.796914 -0.971154 -0.821781 1.395946 -1.064799
-2.357943 1.256618 3.039700 -1.602193 -0.378702 0.404660 -1.377971
-1.258918 1.059094 2.687196 -1.224429 -0.710209 0.148055 -0.756565
-1.094686 1.068536 2.522774 -1.153554 -0.656352 0.143093 -0.761838
-1.671439 1.181644 2.506069 -1.322506 -0.408974 0.326092 -1.278550
-1.321092 0.474023 1.874117 -1.573001 -1.002384 1.321164 -0.794387
-0.842970 0.440563 1.694161 -1.428351 -0.686384 1.261435 -0.698608
-1.291947 0.486247 1.779105 -1.596201 -0.802775 1.396064 -0.970986
