0.726871 0.384995 1.227871 -3.141410 0.000008 1.919466 Default
0.701555 0.509911 0.902936 3.141115 -0.000188 1.919883 Approach
0.701310 0.509836 0.865208 -3.141523 -0.000023 1.920076 Grab
0.700988 0.509697 1.128199 3.141160 0.000279 1.919742 Lift
0.776979 0.134620 1.127883 3.141216 0.000404 1.920270 Hover_R
0.776267 0.084816 0.927752 -3.141531 0.000216 1.919917 Release
0.776255 0.084813 1.177598 3.141226 0.000412 1.920015 Hover_R
0.689341 0.359467 1.177374 3.141392 0.000034 1.920106 Hover_L
0.688931 0.359726 0.902870 -3.141483 0.000227 1.919921 Approach
0.688931 0.359726 0.902870 -3.141483 0.000227 1.919921 Grab
0.689217 0.359561 1.121012 3.141117 0.000502 1.919926 Lift
0.763463 -0.064992 1.121470 3.141365 0.000856 1.919896 Hover_R
0.763274 -0.064724 0.940309 3.141523 0.000298 1.919760 Release
0.764300 -0.065244 1.140201 -3.141318 0.000272 1.919237 Hover_R
0.664930 0.534806 1.190152 -3.141240 -0.000263 1.919959 Hover_L
0.688883 0.534921 0.890314 3.141504 -0.000173 1.920025 Approach
0.688875 0.534910 0.862195 3.141340 -0.000154 1.919955 Grab
0.738778 0.534530 1.112404 3.140875 0.000290 1.919693 Hover_L
0.763727 0.109712 1.112104 3.141351 0.000309 1.920247 Hover_R
0.763807 0.106673 0.937214 3.141363 0.000238 1.920136 Release
0.764264 0.106628 1.136428 -3.141576 0.000531 1.919338 Hover_R
0.932736 0.202051 1.011986 -2.470991 0.406721 3.067819
0.788318 0.373197 1.585793 0.695866 0.968331 0.912235
0.890529 0.445447 1.472063 1.323842 1.176338 1.553863
0.904133 0.398594 1.533935 1.526091 -0.484587 1.578541
