To Right 
 
 -1.6469, +0.0384, +1.8979, -1.2792, -1.5278, +1.3960, -0.5320, JOINT
 -0.2930, -0.8351, -0.2576, -0.7532, +1.1948, +0.8364, +0.6780, JOINT

Lower
 -1.6469, +0.0384, +1.8979, -1.2792, -1.5278, +1.3960, -0.5320, JOINT
 +0.1270, -1.1051, -0.9076, -1.1432, +1.3648, -0.3336, +0.0480, JOINT

 Back
  -1.6469, +0.0384, +1.8979, -1.2792, -1.5278, +1.3960, -0.5320, JOINT
 -0.5130, -1.1051, -0.9076, -1.1432, +1.3648, +0.8664, +0.0480, JOINT-0.727945 -0.337547 0.353991 -1.926966 0.441762 -0.051725 0.292081

-0.668840 -0.276355 0.446556 -1.871599 0.388601 -0.077538 0.160446
-0.554845 -0.345097 0.278539 -1.427416 0.301907 -0.156731 0.152919
-0.873651 -0.264012 0.386946 -1.595674 0.366167 0.026724 0.217658
0.065481 -0.330356 -0.246371 -1.049580 0.401400 0.161043 1.347747
-0.341095 -0.316622 0.031974 -1.571755 0.316479 -0.013088 0.198076
-0.275853 -0.386203 0.231033 -1.356852 0.358545 0.047960 0.282181
-0.155076 -0.443368 0.191845 -2.168784 0.593292 -0.031063 0.134080
